1:0,93380
2:0,140901,83883,7392,46840,119650,3400:0,132781,90001,357512,24440,0:0,147731,130231,2,107100,357740:0,118611,74871,359023,351021,329740,64791,41180,355140:0,136891,83653,351202,52120,114560,351280
3:0,83291,125133,77001,12520,34792,58570,158190:0,66273,5852,122860,141540,169420:0,66503,357472,27890,87393,158073,130601,90000,26562,62810,143973,120960,173650,224990:0,45003,10782,23550,157763,137721,90000,44732,135001,90000,168920:0,85103,48813,355292,24770,138311,123691,92860,137721,94570,164400:0,70821,45003,349872,14470,142393,124281,83650,19832,48170,147660
4:0,108930,230|560,90000
5:0,82563,111502,27582,55300,184391,140190,204510|97200,354090:0,94393,109472,32472,65770,165061,135000,180000|155280,2340:0,353580|259380,87203,100672,2892,51840,113890,175460:0,84803,115063,90000,24552,54780,151381,125530,178850|109130,350530:0,77473,103202,25272,54780,116563,93570,141952,172870,208610|90000,356320:0,90003,101762,8743,344290,37562,61920,154093,135001,104030,173482,215530,240250|85600,343070
6:0,294443,116132,3,92122,32000,337012,318810,271502,248960,213690:0,314993,119472,52303,91160,9782,338960,240253,273170,221420,201370:0,323473,96343,119000,21803,61382,42700,351860,230823,245551,277120,204532,175910,116560:0,323043,114852,339591,6341,85230,247383,274390,222702,191300,169690
7:0,90001,357102,28300,112970:0,2080,106040:0,350890,112410:0,123693,61823,92481,140710,87130,229843,172993,145880,208440,318742,243433,287872,269990,203191,230190,185850
8:0,187983,59203,92861,156373,180000,127870,178631,149740,269993,208492,243430,315230,262300:0,162643,92483,147843,155551,180000,118070,54662,112383,88630,137860,269993,207643,182290,224992,248960,319762,250551,278130,235810:0,74050:0,314990:0,151293,109293,162642,136840,66112,106380,329113,296561,202033,180000,235172,262400,233473,264680,204440,177270
9:0,116563,159223,180000,143130,301601,11303,41181,90000,344050,104180:0,131873,156640,272121,10883,95522,32001,55000,324780,106560:0,262873,202103,180001,150250,234240,71561,342963,324461,299050,9212,42270,105970:0,135323,150061,180000,279211,355153,30251,83990,321140,100280:0,93173,156312,129612,114440,2601,45000,337650|75250,94720:0,121603,165062,147990,322531,344051,9461,90002,45000,97400:0,137652,275711,332593,34993,86632,63430,354800,304040,95880
0:0,33693,123972,110892,90000,334322,265763,297890,230822,209050,180000:0,14033,100493,125050,40601,65550,291503,326970,260832,231952,184390,146300:0,298443,26563,111032,84282,49390,341302,320520,218653,271840,189240,136390:0,316123,86143,111180,333431,39802,0,264893,291370,247302,218650,180000
a:0,111593,146300,325042,114902,92480,18430:0,114273,145611,188840,257273,335553,4391,56300,303170,96652,64790,355600:0,133213,149851,172560,1,87392,38650,324940|90000,113422,88360,39800:0,63433,150253,187850,117072,92380,258693,345253,6701,35530,323792,306860,98133,116561,150250,57090,0:0,117253,175162,138500,307403,331691,91432,0,97522,52120,4760:0,103393,145353,154791,180000,126150,269993,333433,1,47290,308850,85972,45000,0:0,104033,156992,130600,287813,342643,3811,56300,311420,95193,117250,38650,340820:0,90003,147222,118300,288433,333943,7121,67380,309170,94182,66030,33690:0,108433,156033,181540,130970,281683,340443,28301,85230,310460,100452,85760,41630
b:0,83513,89732,3,300463,276340,319762,338960,62170,165961,126860,181340:0,75173,94792,343733,296563,272120,320590,57521,0,157611,122730,183320:0,89690|82190,87513,30963,353650,56760,135000,173410:0,75963,100282,289052,61381,336800,122152,157610,180000:0,68453,93102,301473,281090,32660,150251,92382,123690,191940
c:0,91683,160113,183011,233130,113420,19533,39281,63430,341560,319080:0,100123,147992,127560,17651,52590,351380:0,100883,136100,7431,21031,52120,338190:0,95591,142903,173290,120760,350460
d:0,90003,158193,183270,139392,114770,257003,333602,307792,293450,117582,103060,0:0,299561,322881,10301,153433,176981,199980,102902,56300,95330:0,42273,149473,180000,118392,90000,336251,7900,295240|289870,98900:0,304503,341951,87613,141583,187120,124150,7301,26561,52120,111352,95370,354800:0,305991,322651,116313,145781,168110,337381,12520,107460
e:0,241383,339732,282090,129283,175763,202610,153430,48813,97302,71560,6110,342470:0,246803,347732,273811,303690,101043,151793,175601,209740,123310,50711,88020,349990:0,221633,341113,4760,291803,319760,262400,95353,154483,178020,132130,33021,62350,351360:0,255963,336962,324460,90003,151823,175600,116560,25011,50190,353180:0,201253,342622,269993,306860,224990,94513,150643,177330,132790,21443,57380,356370,328490
f:0,97870|121130,352430:0,113783,132871,154980,77572,90852,165960,220600|125060,344220
g:0,101693,142533,160641,181590,275851,339673,39803,90000,3360,322120,209643,184761,143970,230822,269990,311630:0,100643,97763,169873,180001,218650,129280,273571,23193,86052,52430,317483,351860,298070,212273,146303,115820,203961,180000,275711,237990,326000:0,66253,137353,150251,191300,90001,111800,340643,4080,316460,276700|13700,99682,209053,136462,165962,180000,259993,228810,308230,14030:0,112753,155223,194033,224990,180000,138650,18433,86182,45000,357952,340010,318010|308650,90332,170343,144210,232433,209740,269990,303690:0,222703,89513,93363,149032,119740,295821,333433,37873,60250,3170,318230,164741,108430,307871,255250,331510:0,95393,90003,153993,186840,132790,275711,354213,9781,26561,54460,328570,193793,173991,127560,246371,223260,284820
h:0,98462,3,286852,301702,326300,68623,38990,94230,118950:0,92142,323133,276000,57991,2,35530,81990:0,95112,333433,285252,307562,320191,0,73611,43020,95710:0,99152,3,282802,295202,326300,61600,86870:0,96532,304503,276980,57991,21800,87510
i:0,75960|115340,106421,87611,51340,343850:0,90000|97690,93400:0,116560|108820,101591,88021,45000,0:0,90000|107300,100931,87611,50710,338570
j:0,90000|101300,101682,146022,180000,209740:0,85600|97590,96382,153431,127870,192220:0,70700|82990,99342,195943,141340,221982,232120,254050:0,72890|103280,87852,120960,185520
k:0,96170|62240,148270,53780:0,90000|67780,143970|123970,47020:0,87920|53610,90003,145402,122000,53362,34210,5710
l:0,101842,88360,15250:0,100552,86822,57260,21250:0,92060:0,91992,61262,8970,318810
m:0,87832,305802,82193,70341,35530,316353,305831,275190,70551,26560,85230:0,98132,303942,83083,56820,322813,309281,285250,65771,0,87130:0,3,88153,26563,82723,72641,49390,283172,311630,65550,281682,311420,76753,50190,91460,180000:0,87582,302333,294082,77903,62741,0,283391,253300,51840,90000:0,86182,303693,302193,265230,86303,29743,318360,57380,269990,53130,82300:0,81972,320713,283242,298610,21803,77003,48811,18430,286583,274081,236300,317482,0,59031,35530,81250
n:0,95902,300202,36863,0,68190,93570:0,88362,309353,284030,60521,22610,93570:0,345963,86232,294122,313720,73613,46730,91732,111800,153430:0,102682,306343,284420,66033,42270,85912,98130,170530:0,88892,299873,268870,50711,19290,81250
p:0,57993,11462,29740,151853,138811,94760,183570,235710|45000,99320:0,87953,34993,354550,58730,274081,174803,128292,151180,246970,92290:0,45003,349012,0,129281,84550,154320|33690,94100:0,77193,2793,336800,33310,268631,165063,145491,116560,213690,100150:0,43153,335342,4080,136973,81862,116560,154022,185712,249440,275710|1780,96200
q:0,96343,153433,184890,125530,1,56300,333010|19440,91760:0,108433,152353,195940,136330,327991,351861,84800,96680:0,103133,159773,180001,219800,128650,276341,341863,1,59030,316632,298300,87370:0,143033,156801,187120,288431,5793,41981,60251,90000,313020,88860:0,95713,129403,152020,116560,354643,48010,330750,299050|55000,90000
r:0,83863,63991,48811,5710,290550,311560:0,84063,67241,42700,282402,308292,328390,350530:0,81532,270592,295460,322760
s:0,76271,106691,175913,206560,137720,190120:0,86093,90003,145493,187120,118610,53970,158193,125900,185710,217180:0,119053,120963,183013,227720,145920,65192,87130,177271,140190,216150:0,71201,96001,150253,180000,126860,195520:0,71863,95521,158680,137123,112610,166750,188420:0,84313,100001,113491,137480,140523,115460,177062,195940,220600
u:0,96502,325300,297750|19720,106442,90000,45000:0,98332,306593,331461,1,45000,102352,56301,90000,0:0,85782,274393,326633,355230,295460,98882,57990,343070:0,100252,282203,342092,304150,98022,66030,342750
v:0,70680,315690
w:0,9373,314411,64410,309592,296560,276340:0,5443,277853,3,50903,75960,20550,331382,302900,108063,129801,170530,49180,332802,271462,243430,214990:0,0|340010,5713,267513,6343,62962,41180,322122,292830,94682,49390,314993,337060,275440,228010:0,64982,310172,70780,313190
x:0,48270|3700,135600
y:0,302273,13393,65223,96580,32001,56300,335550,101822,210463,168691,129090,271972,299050,321340:0,167343,69523,308411,3,82092,42270,330100,111632,141340,312791,250553,223450,278740,347070:0,184233,292893,5193,75692,40910,332560,95422,124212,151380,312271,239743,214380,269990,340850:0,292753,11883,82873,111800,41420,344642,317720,106622,137172,180000,218290:0,41022,4760,314990|348600,124830:0,328193,1,67752,26560,106632,133420,167310:0,64482,40360,4080|2570,122052,133720,155890:0,103653,289291,12993,91022,57990,319050,279461,236722,255250,329260
z:0,136501,4890,357310:0,140071,14930,354980|42160,43720:0,139471,78691,353482,17100,353850|29650,57260,30960
t:0,350530|305610,101802,359522,298611,333430,271900:0,357100|329950,104112,50191,90000,1780:0,351410|319390,105742,343792,319390,277120
A:0,121860|108430,72110|116380,354340:0,121590|310600,234683,78862,186953,137720,209240,317291,273010,333780:0,121540|143390,86110|102720,332590
B:0,96480|322430,60061,9782,133830,165320:0,90880|104030,79693,6582,30250,57651,141900,172340:0,95831,95682,340553,274532,289232,309800,10662,139651,123691,85230,167210:0,87910|343610,90003,68193,14032,29050,132742,43552,68190,148391,124990,164620
C:0,92163,160702,127740,26073,59030,692,345712,325000,288430:0,95043,146633,175290,115730,15523,63432,39090,355632,330942,278130,302730
D:0,90960|86900,88913,1152,52850,143131,119470,169380:0,92250|8530,83513,40733,17300,59530,136460,158400:0,84173,93082,296293,273530,31753,347190,60640,137201,116560,155820:0,89600|319390,84803,348692,57380,110152,161563,138810,197100,233130
E:0,351110|28810,110190,353920|94330,348990:0,352400|55950,100912,346372,329740,285250|83540,343470
F:0,350820|99590,353070|287520,104030
G:0,94203,133330,356823,3,49682,21800,277123,303691,337610,333430,90001,39280,114300:0,90003,147692,116560,26563,53970,2202,346600,306860|70010,75961,0,105590:0,120013,139821,158191,184080,30063,62700,2792,338190,288430|103890,10492,107032,90000,60250:0,117143,167762,139390,23963,65373,88090,46730,359072,322762,293960,265910|106140,8971,33020,104620:0,139262,43153,94182,68190,355233,15250,329740,298610|125750,7272,96052,81860,57260:0,99783,159392,127990,25903,60420,355362,340012,309800,258690|99630,1270,95640:0,94763,138733,165610,121290,34771,53131,77470,339820|93750,7120,83290
H:0,84800|70140,348820|309900,90000
I:0,7980|31820,95620|106830,1820:0,93330,358020:0,342250|59530,93210|102600,356130
J:0,94962,167953,151381,130230,247611,227120,264420:0,97892,173823,163301,137720,231630,258690:0,94102,147523,122730,180000,208440
K:0,98500|68650,148602,58712,42760,318810:0,90000|48660,142000,42270:0,93790|63430,147090|133400,50190
L:0,101870,356340
M:0,113910|114440,307241,70440,79210
N:0,121100|135000,66370|1800,106770:0,108260|67610,87280,302410:0,87891,300610,299440
O:0,300063,66373,128512,98130,357663,34150,343142,321700,249323,276580,226730,181160:0,348873,103673,129590,16921,41631,66800,260942,180001,236300,140190:0,22610
P:0,57263,357132,23740,147993,86822,126250,178152,223150,244530|26560,94630:0,85103,7762,56760,288971,206563,145003,116560,174950,241852,266340,102430:0,68743,350982,19440,288971,172873,126323,116561,93360,152780,245373,212470,267790,96200:0,70343,356282,36860,126303,92290,157692,229390,267390|355760,98540
Q:0,333923,92323,131840,25203,55780,358310,274843,307400,256152,206561,233130,187590|70210,58320:0,117523,161563,227723,251561,276340,184890,143820,228363,356003,61383,87450,31600,329212,291802,269990,112343,133021,176980,63433,87700,45000,0:0,69773,119672,93010,313833,356243,33020,336160,238703,269990,215902,184760,160340|70250,41180,11300:0,327493,75613,137042,99460,1,49080,273922,242592,172400,141340|87630,45670
R:0,85603,2,63431,33690,262233,174553,134020,205012,231630,87100,109090|64530,70010:0,51343,350532,22380,122003,73612,90000,154650,178310|30960,98810|54780,60200:0,88783,353372,77001,45000,284741,157243,122850,232902,262560,116330|80450,52310:0,45003,349422,2480,124823,84470,169152,200550,233130|1160,118490|101480,45770
S:0,88603,94573,170232,133150,49252,64230,162643,129800,180972,197102,219800,251560:0,88563,110723,180833,203621,233130,135001,155770,47822,63430,166371,140190,188610:0,79631,106261,152103,177130,130360,192900:0,67863,99461,139392,121600,131632,161562,175600,216860
T:0,2570|11300,96060
U:0,92032,309871,336251,3011,47290,99710:0,302871,21803,90002,73492,47720,322591,331551,0,98450:0,3363,93272,65132,38040,334020,287050:0,357613,77192,50192,25200,302191,334290,277650
V:0,72290,307350
W:0,359571,306141,66160,297990:0,67562,324321,333431,0,303230|10820,81340,299020:0,343041,293251,65010,292930
X:0,62430|8380,140410
Y:0,42930|12350,148330,88310:0,55340|12840,144460|144270,93090
Z:0,136591,94081,482,17350,357440:0,136901,15250,354650|56080,49140:0,132271,68191,355952,39801,18430,358460:0,354082,142560,352910|26310,37140
o:0,45000:0,6453,92293,122003,143130,113190,40601,60940,281683,331142,303690,232593,267510,194933,217870,180000,144460
