1:0,9338,0
2:0,739,4684,8388,11965,14090,340,0:0,35751,2444,9000,13542,0,0:0,0,10710,13023,14923,35774,0
3:0,1252,7700,13500,3479,5857,8329,15819,0:0,585,12286,6627,14154,16942,0:0,35747,2789,6650,9000,13060,16534,2656,6281,8739,12096,14397,17365,22499,0:0,1078,2355,4500,9000,13772,16261,4473,9000,13500,16892,0
4:0,10893,23,0|22258,9000,56
5:0,11150,2758,5530,8256,14019,18439,20451,0|29873,35409,9720:0,10947,3247,6577,9439,13500,16506,18000,0|28144,234,15528:0,35358,0|20119,10067,289,5184,8720,11389,17546,25938:0,9000,11506,2455,5478,8480,12553,15138,17885,0|27510,35053,10913:0,10320,2527,5478,7747,9357,11656,14195,17287,20861,0|26944,35632,9000
6:0,11613,9212,3200,0,33701,31881,29444,27150,24896,21369,0:0,11947,9116,5230,978,33896,31499,27317,24025,22142,20137,0:0,11900,9634,6138,4270,2180,35186,32347,27712,24555,22779,20453,17591,11656,0
7:0,35710,2830,9000,11297,0:0,208,10604,0
8:0,18000,15637,12787,9286,5693,14974,17863,19382,20849,24343,26999,31523,26230,0:0,18000,15555,14468,11807,9248,5466,8863,11238,13786,16264,18229,20764,22499,24896,26999,31976,27813,25055,23581,0:0,7405,0
9:0,18000,15922,14313,11656,9000,4118,309,34405,30160,10418,0:0,15664,13187,9552,5500,3200,0,32478,27212,10656,0:0,15025,18000,21302,23424,26287,29905,32446,34938,921,4227,7156,10597,0:0,18000,15006,12915,8399,3025,34567,32114,27921,10028,0:0,15631,12961,11444,9317,4500,260,33765,0|25474,9472,7525
0:0,12397,11089,9000,3369,33432,29789,26576,23082,20905,18000,0:0,12505,10049,6555,4060,272,32697,29150,26083,23195,18439,14630,0:0,11103,8428,4939,2656,34130,32052,29844,27184,21865,18924,13639,0:0,11118,8614,3980,0,33343,31372,29137,26489,24730,21865,18000,0
a:0,14630,11159,32504,11490,9248,1843,0:0,18884,14561,10687,5630,439,33133,30317,25727,9665,6479,35560,0:0,17256,14985,12285,8739,3865,0,32494,0|27496,11342,8836,3980,9000:0,18785,15025,11707,9238,6343,3553,670,33697,32379,30686,25869,15025,11656,9212,5709,0,0
b:0,8973,27634,30046,31976,33896,0,6217,8351,12686,16596,18134,0:0,8969,0|28403,35365,3096,5676,8751,13500,17341,8219
c:0,23313,18301,14726,11342,9168,6343,3928,571,34156,31908,0:0,14799,12756,10012,5259,1765,35138,0:0,13610,10088,5212,2103,173,33819,0
d:0,18327,15819,13939,11477,9000,33360,30779,29345,25700,11758,10306,0,0:0,19998,17698,13996,10290,5630,1030,31930,27323,9533,0:0,18000,14947,11839,9000,4227,790,33625,29524,0|28099,9890,28987
e:0,33973,28209,24138,20261,17576,15343,12928,9730,7156,4881,611,34247,0:0,34773,30369,27381,23134,20974,17560,14085,12331,10104,8802,5071,34999,0:0,476,34111,31976,29180,26240,22163,17802,15448,13213,9535,6235,3302,35136,0
f:0,9787,0|26166,35243,12113:0,15498,13287,10611,7757,9085,16596,22060,0|24013,34422,12506
g:0,18159,16064,13100,9000,3980,336,33967,32212,27585,10093,14397,18476,21418,23082,26999,31163,0:0,21865,18000,15555,12928,9776,8605,5243,2319,35186,31748,29807,27357,9989,11582,14630,18000,20396,21459,23799,27571,32600,0:0,19130,15025,13163,11180,9000,4976,408,34064,31646,27670,0|25938,9968,13646,16596,18000,20905,22881,25999,30823,1403,1370:0,22499,19403,18000,15522,13865,11275,8618,4500,1843,35795,34001,31801,0|28293,9033,14421,17034,20974,23243,26999,30369,30865
h:0,9846,28685,30170,32630,0,3899,6862,9423,11895,0:0,9214,27600,32313,0,3553,5799,8199,0:0,9511,28525,30756,0,32019,35053,4302,7361,9571,0
i:0,7596,0|12892,5134,8761,11221,34385,11534:0,9000,0|10552,9340,9769:0,11656,0|10570,4500,8802,10913,0,10882
j:0,9000,0|10357,10168,14602,18000,20974,10130:0,7070,0|9000,9934,14134,19594,22198,23212,25405,8299
k:0,9617,0|29883,14827,5378,6224:0,9000,0|28369,14397,6778|4712,4702,12397
l:0,10184,8836,1525,0:0,10055,8682,5726,2125,0
m:0,8783,30580,3553,7034,9000,27519,30583,31976,2656,7055,8523,0:0,9813,30394,5682,8308,28525,30928,32604,0,6577,8713,0:0,4939,7264,8815,28317,31163,2656,6555,8815,28168,31142,0,5019,7675,9146,18000,0
n:0,9590,30020,0,3686,6819,9357,0:0,8836,28403,30935,2261,6052,9357,0:0,8623,29412,31372,34596,4673,7361,9173,11180,15343,0
p:0,1146,2974,5799,9476,13881,15543,18357,23571,0|26308,9932,4500:0,35455,3499,5873,8795,12829,15118,17480,24697,27408,9229,0:0,34901,0,4500,8455,12928,15432,0|26102,9410,3369
q:0,18489,15343,12553,9634,5630,0,33301,0|27749,9176,1944:0,19594,15235,13633,10843,8480,35186,32344,9668,0
r:0,571,4881,6849,9500,29055,31156,0:0,4270,6724,9000,28240,30829,32839,35053,0
s:0,20656,17591,13772,10669,7110,19012,0:0,18712,14549,11861,9000,5397,8609,12590,15819,18571,21718,0:0,22772,18301,14592,12096,6519,8713,11905,14019,17727,21615,0
u:0,9650,32530,29775,0|26999,10644,9000,4500,1972:0,9833,4500,0,32483,29273,10235,9000,5630,0,0
v:0,7068,31569,0
w:0,6441,31441,8703,30959,29656,27634,0:0,7596,5090,2055,0,33138,30290,27785,17053,12980,9836,4918,544,33280,27146,24343,21499,0:0,0|34001,6296,4118,634,32212,29283,26751,9468,4939,571,33706,31499,27544,22801,34001
x:0,4827,0|27050,13560,370
y:0,9658,6522,5630,3200,0,33555,30227,10182,12909,16869,22251,27197,29905,32134,0:0,8209,4227,0,33010,30841,8724,11163,14134,16734,22345,25055,27874,31279,34707,0:0,11180,8287,4142,1188,34464,31772,29275,10662,13717,18000,21829,0:0,4102,476,31499,0|29335,12483,34860
z:0,489,13650,35731,0:0,1493,14007,35498,0|23401,4372,4216
t:0,35053,0|20817,10180,35952,33343,29861,27190,30561:0,35710,0|21334,10411,9000,5019,178,32995
A:0,12186,0|30226,7211,10843|21476,35434,11638:0,12159,0|30195,7886,13772,18695,20924,23468,27301,31729,33378,31060
B:0,9648,0|28006,978,13383,6006,16532,32243:0,9088,0|26967,658,3025,7969,14190,5765,17234,10403:0,9568,27453,28923,30980,34055,1066,8523,12369,14093,5180,16721,0
C:0,16070,12774,9216,5903,2607,69,34571,32500,28843,0:0,17529,14663,11573,9504,6343,3909,1552,35563,33094,27813,30273,0
D:0,9096,0|27201,115,5285,8891,11947,14313,16938,8690:0,9225,0|27877,1730,4073,5953,8351,13646,15840,853:0,9308,27353,29629,34719,3175,6064,8417,11656,13720,15582,0
E:0,35111,0|15448,11019,35392,2881|20690,34899,9433
F:0,35082,0|14706,35307,9959|19815,10403,28752
G:0,13333,9420,4968,2180,0,33761,30369,27168,33343,35682,3928,9000,11430,0:0,14769,11656,9000,5397,2656,220,34660,30686,0|26399,0,7596,10559,7001:0,18408,15819,13583,10575,6270,3006,279,33819,28843,0|23967,1049,10703,9000,6025,10389:0,16776,13939,11714,8809,6537,4673,2396,35907,32276,29396,26591,0|20993,3302,897,10462,10614
H:0,8480,0|28037,34882,7014|27909,9000,30990
I:0,798,0|16034,9562,3182|19159,182,10683:0,9333,35802,0
J:0,9496,13023,15138,17111,22712,24761,26442,0:0,9789,13772,16330,17787,23163,25869,0
K:0,9850,0|29746,14860,5871,4276,31881,6865
L:0,10187,35634,0
M:0,11391,0|29386,7044,30724,7921,11444
N:0,12110,0|29805,6637,13500|29456,10677,180:0,10826,0|29164,8728,30241,6761:0,30061,8789,29944,0
O:0,12851,9813,6637,3415,35766,34314,32170,30006,27658,24932,22673,18116,0
P:0,35713,2374,5726,8682,12625,14799,17815,22315,24453,0|27293,9463,2656:0,776,5676,8510,11656,14500,17495,20656,24185,26634,28897,10243,0
Q:0,13184,9232,5578,2520,35831,33392,30740,27484,25615,23313,20656,18759,0|8756,5832,7021:0,27634,25156,21740,18489,16156,14382,11752,8745,6138,3160,35600,32921,29180,26999,22836,17698,13302,10542,8770,6343,4500,0,0
R:0,0,3369,6343,9184,13402,17455,20501,23163,26223,8710,10909,0|31112,7001,6453:0,35053,2238,5134,7361,9000,12200,15465,17831,0|26146,9881,3096|30290,6020,5478
S:0,17023,13315,9457,4925,6423,8860,12980,16264,18097,19710,21980,25156,0:0,23313,20362,17354,15577,13500,9658,4782,6343,8856,14019,16637,18861,0
T:0,257,0|17013,9606,1130
U:0,9203,4729,301,32873,29360,9971,0:0,9000,7349,4772,2180,0,33155,31844,28586,9845,0
V:0,7229,30735,0
W:0,6616,30614,7751,29799,0:0,6756,0,33343,32225,30323,0|5630,8134,29902,1082
X:0,6243,0|28023,14041,838
Y:0,4293,0|33035,14833,8831,1235:0,5534,0|31652,14446,1284|13500,9309,14427
Z:0,48,1735,9408,13843,35744,0:0,1525,13690,35465,0|23585,4914,5608